battleIcon
0
85
395
225
-90
0
310
1
1
0
85
395
225
0
300
200
1
1
0
85
395
225
-90
0
310
1
1
0
85
395
225
0
300
200
2
0
1
0
100
395
210
1.1
2
stageMakeIcon
410
105
390
205
90
800
310
1
1
410
105
390
205
0
500
200
1
1
410
105
390
205
90
800
310
1
1
410
105
390
205
0
500
200
2
0
1
410
105
390
205
1.1
3
resultIcon
175
330
230
270
-90
405
600
1
1
175
330
230
270
0
300
400
1
1
175
330
230
270
-90
405
600
1
1
175
330
230
270
0
300
400
2
0
1
180
330
215
270
1.1
4
configIcon
410
330
230
270
90
405
600
1
1
410
330
230
270
0
500
400
1
1
410
330
230
270
90
405
600
1
1
410
330
230
270
0
500
400
2
0
1
410
330
210
270
1.1
5
backIcon
-158
600
158
142
0
0
600
1
1
0
458
158
142
0
0
600
1
1
0
458
158
142
0
0
600
1
1
0
458
158
142
0
0
600
2
0
1
0
458
158
142
1.1
6