blocksBar
800
0
120
600
0
0
0
1
1
680
0
120
600
0
0
0
1
1
800
0
120
600
0
0
0
1
1
-1
-1
-1
-1
-1
-1
-1
-1
-1
0
0
0
0
0
1
32
drawWayBar
-110
0
110
600
0
0
0
1
1
0
0
110
600
0
0
0
1
1
-110
0
110
600
0
0
0
1
1
-1
-1
-1
-1
-1
-1
-1
-1
-1
0
0
0
0
0
1
33
underBlack
0
600
650
120
0
0
0
1
1
0
480
650
120
0
0
0
1
1
0
600
650
120
0
0
0
1
1
-1
-1
-1
-1
-1
-1
-1
-1
-1
0
0
0
0
0
1
34
viewStageName
350
-130
450
130
0
0
0
1
1
350
0
450
130
0
0
0
1
1
350
-130
450
130
0
0
0
1
1
-1
-1
-1
-1
-1
-1
-1
-1
-1
0
0
0
0
0
1
31
changeStageName
720
-90
70
70
0
755
75
1
1
720
40
70
70
0
755
75
1
1
720
-90
70
70
0
755
75
1
1
-1
-1
-1
-1
-1
-1
-1
-1
-1
1
720
40
70
70
1.1
17
block
830
170
60
60
0
740
200
1
1
710
170
60
60
0
740
200
1
1
830
170
60
60
0
740
200
1
1
-1
-1
-1
-1
-1
-1
-1
-1
-1
1
710
170
60
60
1.1
18
water
830
250
60
60
0
740
280
1
1
710
250
60
60
0
740
280
1
1
830
250
60
60
0
740
280
1
1
-1
-1
-1
-1
-1
-1
-1
-1
-1
1
710
250
60
60
1.1
19
obstacle
830
330
60
60
0
740
360
1
1
710
330
60
60
0
740
360
1
1
830
330
60
60
0
740
360
1
1
-1
-1
-1
-1
-1
-1
-1
-1
-1
1
710
330
60
60
1.1
20
grass
830
410
60
60
0
740
440
1
1
710
410
60
60
0
740
440
1
1
830
410
60
60
0
740
440
1
1
-1
-1
-1
-1
-1
-1
-1
-1
-1
1
710
410
60
60
1.1
21
eraser
830
490
60
60
0
740
520
1
1
710
490
60
60
0
740
520
1
1
830
490
60
60
0
740
520
1
1
-1
-1
-1
-1
-1
-1
-1
-1
-1
1
710
490
60
60
1.1
22
drawPoint
-90
180
42
42
0
41
201
1
1
20
180
42
42
0
41
201
1
1
-90
180
42
42
0
41
201
1
1
-1
-1
-1
-1
-1
-1
-1
-1
-1
1
20
180
42
42
1.1
23
drawLine
-90
240
42
42
0
41
261
1
1
20
240
42
42
0
41
261
1
1
-90
240
42
42
0
41
261
1
1
-1
-1
-1
-1
-1
-1
-1
-1
-1
1
20
240
42
42
1.1
24
fillRect
-90
300
42
42
0
41
321
1
1
20
300
42
42
0
41
321
1
1
-90
300
42
42
0
41
321
1
1
-1
-1
-1
-1
-1
-1
-1
-1
-1
1
20
300
42
42
1.1
25
fillArea
-90
360
42
42
0
41
381
1
1
20
360
42
42
0
41
381
1
1
-90
360
42
42
0
41
381
1
1
-1
-1
-1
-1
-1
-1
-1
-1
-1
1
20
360
42
42
1.1
26
exit
10
610
90
90
0
55
535
1
1
10
490
90
90
0
55
535
1
1
10
610
90
90
0
55
535
1
1
10
490
90
90
0
55
535
2
0
1
10
490
90
90
1.1
27
save
110
610
90
90
0
155
535
1
1
110
490
90
90
0
155
535
1
1
110
610
90
90
0
155
535
1
1
110
490
90
90
0
155
535
2
0
1
110
490
90
90
1.1
28
editBack
210
640
60
70
0
240
555
1
1
210
520
60
70
0
240
555
1
1
210
640
60
70
0
240
555
1
1
-1
-1
-1
-1
-1
-1
-1
-1
-1
1
210
520
60
70
1.1
29
editNext
270
640
60
70
0
300
555
1
1
270
520
60
70
0
300
555
1
1
270
640
60
70
0
300
555
1
1
-1
-1
-1
-1
-1
-1
-1
-1
-1
1
270
520
60
70
1.1
30
testPlayIcon
675
590
130
130
0
680
605
1
1
555
470
130
130
0
680
605
1
1
675
590
130
130
0
680
605
1
1
555
470
130
130
0
680
605
2
0
1
555
470
130
130
1.1
35
stageMakeBar
0
0
400
130
0
0
0
1
1
0
0
400
130
0
0
0
1
1
0
0
400
130
0
0
0
1
1
-1
-1
-1
-1
-1
-1
-1
-1
-1
0
0
0
0
0
1
15