backIcon
0
458
158
142
0
0
600
1
1
0
458
158
142
0
0
600
1
1
0
458
158
142
0
0
600
1
1
0
458
158
142
0
0
600
2
0
1
0
458
158
142
1.1
6
rating
-320
150
320
100
0
0
0
1
1
150
150
320
100
0
0
0
1
1
-320
150
320
100
0
0
0
1
1
-1
-1
-1
-1
-1
-1
-1
-1
-1
0
0
0
0
0
1
50
winCount
-230
250
230
100
0
0
0
1
1
240
250
230
100
0
0
0
1
1
-230
250
230
100
0
0
0
1
1
-1
-1
-1
-1
-1
-1
-1
-1
-1
0
0
0
0
0
1
51
battleCout
-280
350
280
100
0
0
0
1
1
190
350
280
100
0
0
0
1
1
-280
350
280
100
0
0
0
1
1
-1
-1
-1
-1
-1
-1
-1
-1
-1
0
0
0
0
0
1
52
winLevel
-140
450
140
100
0
0
0
1
1
330
450
140
100
0
0
0
1
1
-140
450
140
100
0
0
0
1
1
-1
-1
-1
-1
-1
-1
-1
-1
-1
0
0
0
0
0
1
53
resultBar
0
-130
400
130
0
0
0
1
1
0
0
400
130
0
0
0
1
1
0
-130
400
130
0
0
0
1
1
-1
-1
-1
-1
-1
-1
-1
-1
-1
0
0
0
0
0
1
7