stageSelectBar
0
600
800
160
0
0
0
1
1
0
430
800
160
0
0
0
1
1
0
600
800
160
0
0
0
1
1
-1
-1
-1
-1
-1
-1
-1
-1
-1
1
0
450
800
140
1
13
backIcon
-158
500
158
142
0
0
600
1
1
0
333
158
142
0
0
475
1
1
-158
500
158
142
0
0
600
1
1
0
333
158
142
0
0
340
2
0
1
0
333
158
142
1.1
6
battleGo
800
370
160
100
0
700
420
1
1
620
370
160
100
0
700
420
1
1
800
370
160
100
0
700
420
1
1
620
370
160
100
0
700
420
2
0
1
620
370
160
100
1.1
38
cpuDelete
570
-60
140
60
0
640
50
1
1
570
20
140
60
0
640
50
1
1
570
-60
140
60
0
640
50
1
1
-1
-1
-1
-1
-1
-1
-1
-1
-1
1
590
20
100
60
1.1
39
cpuAdd
450
-60
140
60
0
520
50
1
1
450
20
140
60
0
520
50
1
1
450
-60
140
60
0
520
50
1
1
-1
-1
-1
-1
-1
-1
-1
-1
-1
1
470
20
100
60
1.1
40
battleYou
-320
110
320
60
0
0
0
1
1
150
110
320
60
0
0
0
1
1
-320
110
320
60
0
0
0
1
1
-1
-1
-1
-1
-1
-1
-1
-1
-1
0
0
0
0
0
1
41
battleCpu1
800
110
320
60
0
0
0
1
1
440
110
320
60
0
0
0
1
1
800
110
320
60
0
0
0
1
1
-1
-1
-1
-1
-1
-1
-1
-1
-1
0
0
0
0
0
1
42
battleCpu2
-320
180
320
60
0
0
0
1
1
190
180
320
60
0
0
0
1
1
-320
180
320
60
0
0
0
1
1
-1
-1
-1
-1
-1
-1
-1
-1
-1
0
0
0
0
0
1
42
battleCpu3
800
180
320
60
0
0
0
1
1
480
180
320
60
0
0
0
1
1
800
180
320
60
0
0
0
1
1
-1
-1
-1
-1
-1
-1
-1
-1
-1
0
0
0
0
0
1
42
battleCpu4
-320
250
320
60
0
0
0
1
1
150
250
320
60
0
0
0
1
1
-320
250
320
60
0
0
0
1
1
-1
-1
-1
-1
-1
-1
-1
-1
-1
0
0
0
0
0
1
42
battleCpu5
800
250
320
60
0
0
0
1
1
440
250
320
60
0
0
0
1
1
800
250
320
60
0
0
0
1
1
-1
-1
-1
-1
-1
-1
-1
-1
-1
0
0
0
0
0
1
42
battleCpu6
-320
320
320
60
0
0
0
1
1
190
320
320
60
0
0
0
1
1
-320
320
320
60
0
0
0
1
1
-1
-1
-1
-1
-1
-1
-1
-1
-1
0
0
0
0
0
1
42
battleCpu7
800
320
320
60
0
0
0
1
1
480
320
320
60
0
0
0
1
1
800
320
320
60
0
0
0
1
1
-1
-1
-1
-1
-1
-1
-1
-1
-1
0
0
0
0
0
1
42
battleBar
0
-130
400
130
0
0
0
1
1
0
0
400
130
0
0
0
1
1
0
-130
400
130
0
0
0
1
1
-1
-1
-1
-1
-1
-1
-1
-1
-1
0
0
0
0
0
1
43