newStageIcon
800
50
170
100
0
700
100
1
1
630
50
170
100
0
700
100
1
1
800
50
170
100
0
700
100
1
1
630
50
170
100
0
700
100
2
0
1
630
70
170
80
1.1
9
editStageIcon
800
150
170
100
0
700
200
1
1
630
150
170
100
0
700
200
1
1
800
150
170
100
0
700
200
1
1
630
150
170
100
0
700
200
2
0
1
630
170
170
80
1.1
10
copyStageIcon
800
250
170
100
0
700
300
1
1
630
250
170
100
0
700
300
1
1
800
250
170
100
0
700
300
1
1
630
250
170
100
0
700
300
2
0
1
630
270
170
80
1.1
11
deleteStageIcon
800
350
170
100
0
700
400
1
1
630
350
170
100
0
700
400
1
1
800
350
170
100
0
700
400
1
1
630
350
170
100
0
700
400
2
0
1
630
370
170
80
1.1
12
stageSelectBar
0
600
800
160
0
0
0
1
1
0
430
800
160
0
0
0
1
1
0
600
800
160
0
0
0
1
1
-1
-1
-1
-1
-1
-1
-1
-1
-1
1
0
450
800
140
1
13
backIcon
-158
500
158
142
0
0
600
1
1
0
333
158
142
0
0
475
1
1
-158
500
158
142
0
0
600
1
1
0
333
158
142
0
0
340
2
0
1
0
333
158
142
1.1
6
stageView
-470
68
470
370
0
0
0
1
1
178
68
470
370
0
0
0
1
1
178
-370
470
370
0
0
0
1
1
-1
-1
-1
-1
-1
-1
-1
-1
-1
0
0
0
0
0
1
14
stageMakeBar
0
-130
400
130
0
0
0
1
1
0
0
400
130
0
0
0
1
1
0
0
400
130
0
0
0
1
1
-1
-1
-1
-1
-1
-1
-1
-1
-1
0
0
0
0
0
1
15
noImageIcon
-388
200
260
140
0
0
0
1
1
260
200
260
140
0
0
0
1
1
260
-238
260
140
0
0
0
1
1
-1
-1
-1
-1
-1
-1
-1
-1
-1
0
0
0
0
0
1
16