backIcon
0
458
158
142
0
0
600
1
1
0
458
158
142
0
0
600
1
1
0
458
158
142
0
0
600
1
1
0
458
158
142
0
0
600
2
0
1
0
458
158
142
1.1
6
stageDelete
200
-100
500
100
0
450
200
1
1
200
150
500
100
0
450
200
1
1
200
-100
500
100
0
450
200
1
1
-1
-1
-1
-1
-1
-1
-1
-1
-1
1
200
150
500
100
1.1
48
resultDelete
280
600
320
100
0
450
350
1
1
280
300
320
100
0
450
300
1
1
280
600
320
100
0
450
300
1
1
-1
-1
-1
-1
-1
-1
-1
-1
-1
1
280
300
320
100
1.1
49
optionBar
0
-130
400
130
0
0
0
1
1
0
0
400
130
0
0
0
1
1
0
-130
400
130
0
0
0
1
1
-1
-1
-1
-1
-1
-1
-1
-1
-1
0
0
0
0
0
1
8